13509468723	110349	404	110753
13975057813	48243	200	48443
13568436656	24681	200	24881
13736230513	24681	200	24881
13560439638	4938	200	5138
13992314666	3720	200	3920
15043685818	3538	200	3738
15910133277	2936	200	3136
13682846555	2910	200	3110
18390173782	2412	200	2612
18271575951	2106	200	2306
13956435636	1512	200	1712
84188413	1432	200	1632
13590439668	954	200	1154
13568436656	954	200	1154
13630577991	690	200	890
15959002129	180	500	680
13966251146	0	404	404
13470253144	180	200	380
13768778790	120	200	320
13729199489	0	200	200
13846544121	0	200	200
